544
201
1039
595
100
828
548
83
541
367
431
600
547
157
26
430
974
529
84
566
416
533
991
593
270
410
449
296
779
666
173
280
174
456
597
520
475
507
626
788
691
4
228
394
977
684
90
97
212
359
429
962
96
166
399
623
265
328
910
117
259
21
894
396
6
326
639
64
141
465
321
113
237
1040
458
936
14
217
398
438
1034
508
983
551
10
400
510
161
102
215
61
132
517
41
188
69
2
249
135
960
770
35
348
278
137
19
393
171
333
124
197
573
38
489
320
149
471
357
385
351
77
496
466
957
370
229
599
361
571
16
422
28
499
583
205
805
76
1011
86
136
347
78
606
305
826
495
123
1026
91
312
239
271
353
322
332
365
79
220
381
376
222
101
104
233
500
95
785
414
24
31
999
34
579
731
550
226
62
46
636
154
505
426
279
553
52
820
170
447
128
469
106
852
255
118
105
725
409
406
89
799
455
87
43
710
408
306
565
534
901
464
554
419
355
511
591
12
459
876
335
568
625
94
1028
148
895
68
446
918
209
481
11
435
292
72
902
567
214
1003
281
375
804
313
539
746
538
722
821
318
44
308
185
629
699
108
944
728
757
386
461
168
956
5
457
628
954
998
421
190
798
48
867
263
363
523
557
244
648
452
73
453
560
371
582
847
948
110
1012
428
865
303
29
480
561
470
487
382
420
476
307
33
981
59
159
260
342
411
494
604
57
818
164
163
783
1001
